1 0.188750 0.297445 0.052500 0.076642
1 0.403750 0.270073 0.067500 0.102190
1 0.573750 0.266423 0.057500 0.087591
2 0.752500 0.266423 0.055000 0.072993
2 0.951250 0.290146 0.052500 0.069343
2 0.966250 0.087591 0.032500 0.043796
2 0.636250 0.041971 0.017500 0.040146
2 0.573750 0.054745 0.012500 0.029197
2 0.818750 0.125912 0.012500 0.025547
2 0.745000 0.124088 0.015000 0.021898
2 0.707500 0.116788 0.015000 0.021898
1 0.438750 0.102190 0.017500 0.029197
2 0.370000 0.120438 0.015000 0.021898
2 0.215000 0.100365 0.015000 0.025547
2 0.153750 0.104015 0.017500 0.032847
2 0.070000 0.096715 0.015000 0.032847
2 0.015000 0.093066 0.020000 0.025547
